0 0 0
1 1 0
2 2 0
3 3 0
4 4 0
5 5 0
6 6 0
7 7 0
8 8 0
9 9 0
10 10 0
11 11 0
12 12 0
13 13 0
14 14 0
15 15 0
16 16 0
17 17 0
18 18 0
19 19 0
20 20 0
21 21 0
23 22 0
24 23 0
25 24 0
26 25 0
27 26 0
28 27 0
29 28 0
30 29 0
31 30 0
33 31 0
37 32 0
38 33 0
39 34 0
40 35 0
42 36 0
43 37 0
45 38 0
46 39 0
47 40 0
49 41 0
51 42 0
52 43 0
53 44 0
54 45 0
55 46 0
57 47 0
58 48 0
59 49 0
60 50 0
61 51 0
64 52 0
66 53 0
67 54 0
68 55 0
69 56 0
70 57 0
76 58 0
77 59 0
80 60 0
81 61 0
85 62 0
87 63 0
89 64 0
93 65 0
94 66 0
96 67 0
98 68 0
99 69 0
105 70 0
110 71 0
113 72 0
117 73 0
119 74 0
124 75 0
128 76 0
129 77 0
145 78 0
157 79 0
162 80 0
164 81 0
174 82 0
177 83 0
180 84 0
181 85 0
182 86 0
190 87 0
192 88 0
195 89 0
207 90 0
220 91 0
140 92 2
84 93 3
112 94 3
224 95 3
41 96 5
73 97 8
86 98 9
127 99 9
121 100 10
32 101 11
194 102 11
50 103 12
106 104 12
109 105 12
125 106 12
126 107 12
56 108 13
71 109 13
78 110 13
90 111 13
166 112 13
65 113 14
133 114 14
141 115 14
189 116 14
22 117 15
120 118 16
75 119 17
100 120 17
131 121 17
91 121 18
186 122 19
63 123 20
82 124 20
134 125 21
138 126 21
151 127 21
160 128 21
205 129 21
72 130 22
88 131 22
101 132 22
202 133 22
44 134 23
48 135 23
144 136 23
34 137 24
83 138 24
136 139 25
35 140 26
36 141 26
95 142 26
97 143 26
130 144 26
122 145 27
152 146 27
111 147 28
158 148 28
175 149 28
62 150 29
103 151 29
142 152 29
147 153 29
156 154 29
211 155 29
79 156 30
137 157 30
153 158 30
159 159 30
191 160 30
132 161 31
214 162 31
104 163 32
179 164 32
169 165 35
116 166 36
118 167 36
139 168 36
155 169 36
185 170 38
221 171 38
259 172 38
161 173 39
167 174 39
200 175 40
154 175 41
148 176 42
170 177 42
184 178 42
216 179 42
235 180 42
114 181 43
115 182 43
165 183 43
233 184 44
74 185 45
92 186 45
108 187 45
168 188 45
201 189 45
218 190 45
226 191 45
102 192 46
149 193 46
150 194 46
199 195 46
206 196 48
135 197 49
178 198 49
230 199 49
198 200 51
123 201 52
163 202 52
232 203 55
143 204 56
176 205 56
197 206 56
208 207 56
107 208 57
213 209 57
228 210 57
209 211 59
172 212 61
188 213 61
245 214 61
225 215 62
204 216 64
236 217 64
247 218 64
196 219 65
171 219 68
229 220 68
203 221 69
227 222 69
210 223 70
237 224 77
244 225 77
187 226 78
193 227 78
258 228 80
146 229 81
173 230 81
257 231 82
212 232 84
239 233 84
222 234 85
238 235 85
183 236 86
215 237 89
231 238 89
240 239 92
254 240 92
262 241 92
248 242 94
219 243 95
251 244 95
250 245 96
264 246 104
223 241 114
242 242 114
217 243 119
269 244 119
234 244 142
255 245 146
241 246 150
243 247 150
246 248 150
263 247 159
261 248 161
265 247 171
272 248 171
249 249 173
252 250 173
256 250 175
253 251 184
260 252 184
270 253 186
271 252 194
266 253 201
267 254 201
268 255 201
